Количество квадратов = 1
Длины сторон квадратов:
5
Точки:(5)
(0;0)
(0;5)
(5;0)
(5;5)
(2,5;2,5)
Стороны: (10)
((0;0),(0;5))
((0;0),(5;0))
((0;0),(5;5))
((0;0),(2,5;2,5))
((0;5),(5;0))
((0;5),(5;5))
((0;5),(2,5;2,5))
((5;0),(5;5))
((5;0),(2,5;2,5))
((5;5),(2,5;2,5))
Длины сторон:
5
5
7,07106781186548
3,53553390593274
7,07106781186548
5
3,53553390593274
5
3,53553390593274
3,53553390593274
Треугольники:(8)
4 треугольников с площадью: 12,5 с координатами:
[(((0;0),(0;5));((0;5),(5;0));((0;0),(5;0)))]
[(((0;0),(0;5));((0;5),(5;5));((0;0),(5;5)))]
[(((0;0),(5;0));((5;0),(5;5));((0;0),(5;5)))]
[(((0;5),(5;0));((5;0),(5;5));((0;5),(5;5)))]
4 треугольников с площадью: 6,25 с координатами:
[(((0;0),(0;5));((0;5),(2,5;2,5));((0;0),(2,5;2,5)))]
[(((0;0),(5;0));((5;0),(2,5;2,5));((0;0),(2,5;2,5)))]
[(((0;5),(5;5));((5;5),(2,5;2,5));((0;5),(2,5;2,5)))]
[(((5;0),(5;5));((5;5),(2,5;2,5));((5;0),(2,5;2,5)))]
